0.0 0.0 0.0 0.0 0.0 0.0 0.0 0.0 0.0 0.0 0.0 0.0 0.0 0.0 0.0 0.0 0.0 0.0 0.0 0.0 
-29.0 -9.0 0.0 0.0 0.0 0.0 0.0 0.0 0.0 0.0 0.0 0.0 0.0 0.0 0.0 0.0 0.0 0.0 0.0 0.0 
-86.0 -16.0 0.0 0.0 0.0 0.0 0.0 0.0 0.0 0.0 0.0 0.0 0.0 0.0 0.0 0.0 0.0 0.0 0.0 0.0 
-147.0 -11.0 0.0 0.0 0.0 0.0 0.0 0.0 0.0 0.0 0.0 0.0 0.0 0.0 0.0 0.0 0.0 0.0 0.0 0.0 
-194.0 -6.0 0.0 0.0 0.0 0.0 0.0 0.0 0.0 0.0 0.0 0.0 0.0 0.0 0.0 0.0 0.0 0.0 0.0 0.0 
-192.0 -47.0 0.0 0.0 0.0 0.0 0.0 0.0 0.0 0.0 0.0 0.0 0.0 0.0 0.0 0.0 0.0 0.0 0.0 0.0 
-192.0 -66.0 0.0 0.0 0.0 0.0 0.0 0.0 0.0 0.0 0.0 0.0 0.0 0.0 0.0 0.0 0.0 0.0 0.0 0.0 
-191.0 -97.0 0.0 0.0 0.0 0.0 0.0 0.0 0.0 0.0 0.0 0.0 0.0 0.0 0.0 0.0 0.0 0.0 0.0 0.0 
-179.0 -135.0 0.0 0.0 0.0 0.0 0.0 0.0 0.0 0.0 0.0 0.0 0.0 0.0 0.0 0.0 0.0 0.0 0.0 0.0 
-176.0 -161.0 0.0 0.0 0.0 0.0 0.0 0.0 0.0 0.0 0.0 0.0 0.0 0.0 0.0 0.0 0.0 0.0 0.0 0.0 
-167.0 -161.0 0.0 0.0 0.0 0.0 0.0 0.0 0.0 0.0 0.0 0.0 0.0 0.0 0.0 0.0 0.0 0.0 0.0 0.0 
-167.0 -162.0 0.0 0.0 0.0 0.0 0.0 0.0 0.0 0.0 0.0 0.0 0.0 0.0 0.0 0.0 0.0 0.0 0.0 0.0 
-167.0 -162.0 -89.0 18.0 0.0 0.0 0.0 0.0 0.0 0.0 0.0 0.0 0.0 0.0 0.0 0.0 0.0 0.0 0.0 0.0 
-167.0 -162.0 -148.0 34.0 0.0 0.0 0.0 0.0 0.0 0.0 0.0 0.0 0.0 0.0 0.0 0.0 0.0 0.0 0.0 0.0 
-167.0 -162.0 -179.0 17.0 0.0 0.0 0.0 0.0 0.0 0.0 0.0 0.0 0.0 0.0 0.0 0.0 0.0 0.0 0.0 0.0 
-167.0 -162.0 -179.0 1.0 0.0 0.0 0.0 0.0 0.0 0.0 0.0 0.0 0.0 0.0 0.0 0.0 0.0 0.0 0.0 0.0 
-167.0 -162.0 -170.0 -17.0 0.0 0.0 0.0 0.0 0.0 0.0 0.0 0.0 0.0 0.0 0.0 0.0 0.0 0.0 0.0 0.0 
-167.0 -162.0 -169.0 11.0 0.0 0.0 0.0 0.0 0.0 0.0 0.0 0.0 0.0 0.0 0.0 0.0 0.0 0.0 0.0 0.0 
-167.0 -162.0 -169.0 45.0 0.0 0.0 0.0 0.0 0.0 0.0 0.0 0.0 0.0 0.0 0.0 0.0 0.0 0.0 0.0 0.0 
-167.0 -162.0 -168.0 4.0 0.0 0.0 0.0 0.0 0.0 0.0 0.0 0.0 0.0 0.0 0.0 0.0 0.0 0.0 0.0 0.0 
-167.0 -162.0 -167.0 50.0 0.0 0.0 0.0 0.0 0.0 0.0 0.0 0.0 0.0 0.0 0.0 0.0 0.0 0.0 0.0 0.0 
-167.0 -162.0 -174.0 24.0 0.0 0.0 0.0 0.0 0.0 0.0 0.0 0.0 0.0 0.0 0.0 0.0 0.0 0.0 0.0 0.0 
-167.0 -162.0 -175.0 27.0 0.0 0.0 0.0 0.0 0.0 0.0 0.0 0.0 0.0 0.0 0.0 0.0 0.0 0.0 0.0 0.0 
-167.0 -162.0 -220.0 28.0 0.0 0.0 0.0 0.0 0.0 0.0 0.0 0.0 0.0 0.0 0.0 0.0 0.0 0.0 0.0 0.0 
-167.0 -162.0 -142.0 17.0 0.0 0.0 0.0 0.0 0.0 0.0 0.0 0.0 0.0 0.0 0.0 0.0 0.0 0.0 0.0 0.0 
-167.0 -162.0 -190.0 23.0 0.0 0.0 0.0 0.0 0.0 0.0 0.0 0.0 0.0 0.0 0.0 0.0 0.0 0.0 0.0 0.0 
-167.0 -162.0 -188.0 24.0 -31.0 -8.0 0.0 0.0 0.0 0.0 0.0 0.0 0.0 0.0 0.0 0.0 0.0 0.0 0.0 0.0 
-167.0 -162.0 -188.0 24.0 -30.0 -85.0 0.0 0.0 0.0 0.0 0.0 0.0 0.0 0.0 0.0 0.0 0.0 0.0 0.0 0.0 
-167.0 -162.0 -188.0 24.0 -31.0 -10.0 0.0 0.0 0.0 0.0 0.0 0.0 0.0 0.0 0.0 0.0 0.0 0.0 0.0 0.0 
-167.0 -162.0 -188.0 24.0 -102.0 -34.0 0.0 0.0 0.0 0.0 0.0 0.0 0.0 0.0 0.0 0.0 0.0 0.0 0.0 0.0 
-167.0 -162.0 -188.0 24.0 -3.0 -33.0 0.0 0.0 0.0 0.0 0.0 0.0 0.0 0.0 0.0 0.0 0.0 0.0 0.0 0.0 
-167.0 -162.0 -188.0 24.0 -123.0 -28.0 0.0 0.0 0.0 0.0 0.0 0.0 0.0 0.0 0.0 0.0 0.0 0.0 0.0 0.0 
-167.0 -162.0 -188.0 24.0 -13.0 -31.0 0.0 0.0 0.0 0.0 0.0 0.0 0.0 0.0 0.0 0.0 0.0 0.0 0.0 0.0 
-167.0 -162.0 -188.0 24.0 -111.0 -26.0 0.0 0.0 0.0 0.0 0.0 0.0 0.0 0.0 0.0 0.0 0.0 0.0 0.0 0.0 
-167.0 -162.0 -188.0 24.0 -65.0 -27.0 0.0 0.0 0.0 0.0 0.0 0.0 0.0 0.0 0.0 0.0 0.0 0.0 0.0 0.0 
-167.0 -162.0 -188.0 24.0 -9.0 -25.0 0.0 0.0 0.0 0.0 0.0 0.0 0.0 0.0 0.0 0.0 0.0 0.0 0.0 0.0 
-167.0 -162.0 -188.0 24.0 -99.0 -24.0 0.0 0.0 0.0 0.0 0.0 0.0 0.0 0.0 0.0 0.0 0.0 0.0 0.0 0.0 
-167.0 -162.0 -188.0 24.0 -99.0 -24.0 0.0 0.0 0.0 0.0 0.0 0.0 0.0 0.0 0.0 0.0 0.0 0.0 0.0 0.0 
-167.0 -162.0 -188.0 24.0 -99.0 -24.0 0.0 0.0 -9.0 -89.0 0.0 0.0 0.0 0.0 0.0 0.0 0.0 0.0 0.0 0.0 
-167.0 -162.0 -188.0 24.0 -99.0 -24.0 0.0 0.0 -19.0 51.0 0.0 0.0 0.0 0.0 0.0 0.0 0.0 0.0 0.0 0.0 
-167.0 -162.0 -188.0 24.0 -99.0 -24.0 0.0 0.0 -6.0 -57.0 0.0 0.0 0.0 0.0 0.0 0.0 0.0 0.0 0.0 0.0 
-167.0 -162.0 -188.0 24.0 -99.0 -24.0 0.0 0.0 39.0 114.0 0.0 0.0 0.0 0.0 0.0 0.0 0.0 0.0 0.0 0.0 
-167.0 -162.0 -188.0 24.0 -99.0 -24.0 0.0 0.0 24.0 -69.0 0.0 0.0 0.0 0.0 0.0 0.0 0.0 0.0 0.0 0.0 
-167.0 -162.0 -188.0 24.0 -99.0 -24.0 0.0 0.0 25.0 6.0 0.0 0.0 0.0 0.0 0.0 0.0 0.0 0.0 0.0 0.0 
-167.0 -162.0 -188.0 24.0 -99.0 -24.0 0.0 0.0 -53.0 12.0 0.0 0.0 0.0 0.0 0.0 0.0 0.0 0.0 0.0 0.0 
-167.0 -162.0 -188.0 24.0 -99.0 -24.0 0.0 0.0 90.0 -4.0 0.0 0.0 0.0 0.0 0.0 0.0 0.0 0.0 0.0 0.0 
-167.0 -162.0 -188.0 24.0 -99.0 -24.0 0.0 0.0 -34.0 4.0 0.0 0.0 0.0 0.0 0.0 0.0 0.0 0.0 0.0 0.0 
-167.0 -162.0 -188.0 24.0 -99.0 -24.0 0.0 0.0 68.0 -3.0 0.0 0.0 0.0 0.0 0.0 0.0 0.0 0.0 0.0 0.0 
-167.0 -162.0 -188.0 24.0 -99.0 -24.0 0.0 0.0 -26.0 0.0 0.0 0.0 0.0 0.0 0.0 0.0 0.0 0.0 0.0 0.0 
-167.0 -162.0 -188.0 24.0 -99.0 -24.0 0.0 0.0 86.0 -4.0 0.0 0.0 0.0 0.0 0.0 0.0 0.0 0.0 0.0 0.0 
-167.0 -162.0 -188.0 24.0 -99.0 -24.0 0.0 0.0 5.0 -5.0 0.0 0.0 0.0 0.0 0.0 0.0 0.0 0.0 0.0 0.0 
-167.0 -162.0 -188.0 24.0 -99.0 -24.0 0.0 0.0 47.0 -15.0 0.0 0.0 0.0 0.0 0.0 0.0 0.0 0.0 0.0 0.0 
-167.0 -162.0 -188.0 24.0 -99.0 -24.0 0.0 0.0 47.0 -15.0 0.0 0.0 0.0 0.0 0.0 0.0 0.0 0.0 0.0 0.0 
-167.0 -162.0 -188.0 24.0 -99.0 -24.0 0.0 0.0 47.0 -15.0 48.0 -37.0 0.0 0.0 0.0 0.0 0.0 0.0 0.0 0.0 
-167.0 -162.0 -188.0 24.0 -99.0 -24.0 0.0 0.0 47.0 -15.0 66.0 56.0 0.0 0.0 0.0 0.0 0.0 0.0 0.0 0.0 
-167.0 -162.0 -188.0 24.0 -99.0 -24.0 0.0 0.0 47.0 -15.0 56.0 -6.0 0.0 0.0 0.0 0.0 0.0 0.0 0.0 0.0 
-167.0 -162.0 -188.0 24.0 -99.0 -24.0 0.0 0.0 47.0 -15.0 50.0 -70.0 0.0 0.0 0.0 0.0 0.0 0.0 0.0 0.0 
-167.0 -162.0 -188.0 24.0 -99.0 -24.0 0.0 0.0 47.0 -15.0 69.0 9.0 0.0 0.0 0.0 0.0 0.0 0.0 0.0 0.0 
-167.0 -162.0 -188.0 24.0 -99.0 -24.0 0.0 0.0 47.0 -15.0 66.0 -49.0 0.0 0.0 0.0 0.0 0.0 0.0 0.0 0.0 
-167.0 -162.0 -188.0 24.0 -99.0 -24.0 0.0 0.0 47.0 -15.0 81.0 40.0 0.0 0.0 0.0 0.0 0.0 0.0 0.0 0.0 
-167.0 -162.0 -188.0 24.0 -99.0 -24.0 0.0 0.0 47.0 -15.0 71.0 -23.0 0.0 0.0 0.0 0.0 0.0 0.0 0.0 0.0 
-167.0 -162.0 -188.0 24.0 -99.0 -24.0 0.0 0.0 47.0 -15.0 65.0 -44.0 0.0 0.0 0.0 0.0 0.0 0.0 0.0 0.0 
-167.0 -162.0 -188.0 24.0 -99.0 -24.0 0.0 0.0 47.0 -15.0 15.0 -36.0 0.0 0.0 0.0 0.0 0.0 0.0 0.0 0.0 
-167.0 -162.0 -188.0 24.0 -99.0 -24.0 0.0 0.0 47.0 -15.0 -61.0 -34.0 0.0 0.0 0.0 0.0 0.0 0.0 0.0 0.0 
-167.0 -162.0 -188.0 24.0 -99.0 -24.0 0.0 0.0 47.0 -15.0 36.0 -28.0 0.0 0.0 0.0 0.0 0.0 0.0 0.0 0.0 
-167.0 -162.0 -188.0 24.0 -99.0 -24.0 0.0 0.0 47.0 -15.0 -62.0 -27.0 0.0 0.0 0.0 0.0 0.0 0.0 0.0 0.0 
-167.0 -162.0 -188.0 24.0 -99.0 -24.0 0.0 0.0 47.0 -15.0 -9.0 -19.0 0.0 0.0 0.0 0.0 0.0 0.0 0.0 0.0 
-167.0 -162.0 -188.0 24.0 -99.0 -24.0 0.0 0.0 47.0 -15.0 99.0 -11.0 0.0 0.0 0.0 0.0 0.0 0.0 0.0 0.0 
-167.0 -162.0 -188.0 24.0 -99.0 -24.0 0.0 0.0 47.0 -15.0 44.0 -8.0 0.0 0.0 0.0 0.0 0.0 0.0 0.0 0.0 
-167.0 -162.0 -188.0 24.0 -99.0 -24.0 0.0 0.0 47.0 -15.0 -136.0 -14.0 0.0 0.0 0.0 0.0 0.0 0.0 0.0 0.0 
-167.0 -162.0 -188.0 24.0 -99.0 -24.0 0.0 0.0 47.0 -15.0 -128.0 -11.0 0.0 0.0 0.0 0.0 0.0 0.0 0.0 0.0 
-167.0 -162.0 -188.0 24.0 -173.0 -13.0 0.0 0.0 47.0 -15.0 -128.0 -11.0 0.0 0.0 0.0 0.0 0.0 0.0 0.0 0.0 
-167.0 -162.0 -188.0 24.0 -157.0 -104.0 0.0 0.0 47.0 -15.0 -128.0 -11.0 0.0 0.0 0.0 0.0 0.0 0.0 0.0 0.0 
-167.0 -162.0 -188.0 24.0 -133.0 -34.0 0.0 0.0 47.0 -15.0 -128.0 -11.0 0.0 0.0 0.0 0.0 0.0 0.0 0.0 0.0 
-167.0 -162.0 -188.0 24.0 -134.0 -102.0 0.0 0.0 47.0 -15.0 -128.0 -11.0 0.0 0.0 0.0 0.0 0.0 0.0 0.0 0.0 
-167.0 -162.0 -188.0 24.0 -113.0 -28.0 0.0 0.0 47.0 -15.0 -128.0 -11.0 0.0 0.0 0.0 0.0 0.0 0.0 0.0 0.0 
-167.0 -162.0 -188.0 24.0 -110.0 -106.0 0.0 0.0 47.0 -15.0 -128.0 -11.0 0.0 0.0 0.0 0.0 0.0 0.0 0.0 0.0 
